0.29659444093704224
-0.20404106378555298
-0.33625108003616333
0.14458337426185608
-0.6449968218803406
0.2439221292734146
0.37576448917388916
-0.348673015832901
-0.29834261536598206
0.15147535502910614
-0.0989496111869812
-0.3215183913707733
0.42249029874801636
-0.2248067408800125
0.270620197057724
0.4703981876373291
-0.40371665358543396
-0.2937191426753998
0.10622842609882355
0.23373828828334808
-0.005581936798989773
-0.8003679513931274
0.5130729079246521
-0.4427638053894043
0.27204981446266174
-0.33080625534057617
-0.0884857177734375
-0.2732240557670593
0.07016635686159134
-0.36286064982414246
-0.4449627697467804
0.3966694176197052
-0.1660977005958557
0.435324490070343
-0.25177711248397827
0.3278680443763733
0.11515700072050095
0.44919127225875854
0.1349124312400818
0.14230750501155853
0.05125458911061287
0.30258119106292725
0.22488166391849518
-0.2676391303539276
-0.37899258732795715
0.2385900914669037
0.482516884803772
-0.4594610035419464
-0.3692094683647156
-0.41604650020599365
0.12588772177696228
0.222703218460083
-0.1061541810631752
-0.4499831795692444
0.20284587144851685
-0.21770602464675903
-0.4809209704399109
-0.21508248150348663
0.16386152803897858
0.41477125883102417
-0.49326619505882263
-0.2674999237060547
-0.32287800312042236
0.14278142154216766
-0.14075905084609985
0.07665656507015228
0.3823517858982086
-0.4120800793170929
-0.10713587701320648
-0.12383688986301422
-0.5617254376411438
0.3501470685005188
-0.2921217381954193
0.14480480551719666
-0.12898372113704681
-0.32257023453712463
0.3110854923725128
0.8794299364089966
-0.45051854848861694
-0.7705097198486328
0.1466560661792755
-0.5178578495979309
-0.18629510700702667
-0.3111313581466675
-0.05697467550635338
0.43918755650520325
-0.42756423354148865
-0.17225195467472076
0.1533803641796112
0.27819812297821045
-0.1919962465763092
0.2937694191932678
-0.1589493453502655
-0.4613722860813141
-0.5684448480606079
-0.4877256155014038
0.510381817817688
0.4820789098739624
0.10708834230899811
-0.44662442803382874
-0.28831610083580017
-0.056083615869283676
0.21736088395118713
0.11963554471731186
-0.32034361362457275
-0.1474156677722931
-0.09316803514957428
-0.9380910396575928
0.14846734702587128
0.32070305943489075
-0.16350138187408447
0.47724035382270813
0.8075879216194153
-0.5134990811347961
-0.5835467576980591
0.08886444568634033
-0.5006130933761597
-0.331733763217926
-0.08432092517614365
0.25181862711906433
0.33319419622421265
-0.5601921677589417
0.5661172866821289
0.08503492176532745
-0.38558828830718994
0.1554991900920868
-0.14179454743862152
-0.0716618075966835
0.32610324025154114
0.009222658351063728
0.1432947814464569
-0.48362985253334045
-0.043084848672151566
0.18538238108158112
-1.4962009191513062
0.24730025231838226
0.27520719170570374
0.6896929144859314
-0.18394657969474792
0.20114262402057648
0.3774217665195465
-0.24742598831653595
-0.5046547055244446
0.38893479108810425
-0.2532772421836853
0.20747685432434082
-0.1555527299642563
-0.036577217280864716
-0.484294593334198
0.082126684486866
-0.6640922427177429
0.6952963471412659
-0.6824935674667358
0.5729400515556335
-0.11756274849176407
-0.8311095833778381
0.2777138948440552
-0.5393816232681274
-0.08532437682151794
0.6578096747398376
